5
10
6
11
223
520
14
15
16
17
18
139
19
20
442
21
22
23
24
27
33
34
35
8
38
39
41
42
51
108
147
53
121
81
175
96
56
142
167
109
180
95
153
152
124
151
62
126
135
196
128
162
173
192
66
104
174
94
139
169
199
202
52
203
59
136
187
204
93
136
520
454
498
392
456
517
451
436
460
424
509
422
385
458
383
427
382
406
389
391
388
395
486
522
449
508
413
428
455
440
499
503
468
519
483
496
510
501
515
638
642
596
611
656
662
574
659
657
636
660
576
648
621
583
562
647
575
558
644
598
625
637
608
566
610
627
664
631
591
635
628
577
652
614
641
600
602
584
585
755
787
690
780
766
732
676
765
776
730
760
796
769
786
718
680
722
775
763
808
736
784
809
790
797
772
681
714
761
753
673
708
741
771
782
691
785
793
795
800
832
834
841
859
835
966
975
980
988
990
968
1004
871
978
1015
993
981
839
838
847
1036
853
1026
992
1047
1044
1007
845
1067
1065
1053
1023
1001
1060
973
1071
991
953
840
1000
